10
11
12
13
790
1172
1173
1174
1175
1176
1574
1575
1588
1589
1590
1595
1596
1597
1601
1602
1613
3126
3127
3128
3129
3130
3131
3132
3133
3178
3179
3180
3181
3182
3183
3184
3185
3234
3235
3236
3237
3238
3247
3251
3252
4151
4152
4162
4163
4164
4165
4214
4215
4216
4217
4218
4219
4220
4221
4223
4224
4225
4226
4227
4228
4252
4255
4256
4988
4990
4991
4993
4994
4998
4999
5002
5003
5004
5005
5006
5008
5009
5010
5011
5012
5013
5014
5015
5016
5017
5018
5019
5022
5031
5032
5033
5034
5075
5076
5078
5079
5080
5081
5082
5083
5084
5085
5086
5087
5102
5104
5105
5106
5107
5108
5110
5111
5112
5188
5189
5190
5191
5200
5226
5227
5228
5229
5230
5231
5241
5242
5243
5244
5245
5246
5247
5257
5258
5259
5260
5266
5267
5272
5273
5274
5277
5278
5284
5285
5297
5302
5339
5340
5341
5427
5822
5840
5841
6826
6829
6836
6837
6838
6843
6855
6856
6857
6858
6867
6868
6869
6870
6872
6878
6879
6880
6881
6903
6904
6905
6906
6908
6911
7673
7704
