0
1
2
3
4
5
6
7
8
9
10
11
12
13
14
15
16
17
18
19
20
21
22
23
24
25
26
27
28
29
30
31
32
33
34
35
36
37
38
39
40
41
42
43
44
45
46
47
48
49
50
51
52
53
54
55
56
57
58
59
60
61
62
63
64
65
66
67
68
69
70
71
72
73
74
75
76
77
78
79
80
81
82
83
84
85
86
87
88
89
90
91
92
93
94
95
96
97
98
99
100
107
269
271
273
275
372
408
439
440
447
449
462
463
470
531
532
533
534
535
536
537
538
539
540
541
542
543
544
545
546
547
548
549
550
551
552
553
554
555
556
557
558
559
560
561
562
563
564
565
566
567
568
569
570
579
581
582
583
584
585
586
587
601
602
603
604
605
606
607
608
610
612
613
614
615
618
620
621
622
629
630
631
632
633
634
635
636
637
638
639
640
641
642
643
644
645
656
680
690
729
730
731
732
733
734
735
736
737
738
739
740
741
742
743
744
745
746
747
748
749
750
751
752
753
754
755
756
764
765
766
767
768
769
770
771
772
773
774
776
778
779
782
795
796
797
798
799
800
801
802
803
806
807
808
809
810
811
812
813
814
815
816
817
818
819
820
821
822
823
824
836
837
839
840
841
842
843
844
845
846
847
863
864
865
866
872
873
874
875
876
877
878
880
891
893
894
895
896
897
898
899
900
901
902
903
904
919
920
921
922
923
924
925
926
927
928
929
930
931
932
933
934
935
936
937
956
957
958
959
960
961
964
965
966
968
988
991
992
994
995
999
1001
1002
1050
1051
1052
1053
1054
1055
1056
1057
1058
1059
1060
1061
1062
1063
1064
1065
1066
1067
1068
1069
1071
1072
1074
1076
1078
1079
1080
1081
1082
1083
1084
1085
1087
1088
1089
1090
1091
1092
1093
1094
1097
1098
1099
1100
1101
1103
1104
1105
1106
1137
1138
1139
1140
1141
1142
1143
1144
1145
1146
1147
1148
1149
1150
1151
1152
1153
1154
1155
1156
1157
1158
1159
1160
1161
1162
1163
1164
1165
1166
1167
1168
1169
1170
1171
1172
1173
1174
1175
1176
1177
1178
1179
1180
1181
1182
1183
1184
1185
1186
1187
1188
1189
1190
1191
1192
1193
1194
1195
1196
1197
1198
1199
1200
1201
1202
1203
1204
1205
1206
1207
1208
1209
1210
1211
1212
1213
1214
1215
1216
1217
1218
1219
1220
1221
1222
1223
1224
1225
1226
1227
1228
1229
1230
1231
1232
1233
1234
1235
1236
1237
1238
1239
1240
1241
1242
1243
1244
1245
1246
1247
1248
1249
1250
1251
1252
1253
1254
1255
1256
1257
1258
1259
1260
1261
1262
1263
1264
1265
1266
1267
1268
1269
1270
1271
1272
1273
1274
1275
1276
1277
1278
1279
1280
1281
1282
1283
1284
1285
1286
1287
1288
1289
1290
1291
1292
1293
1294
1295
1296
1297
1298
1299
1300
1301
1302
1303
1304
1305
1306
1307
1308
1309
1310
1311
1312
1313
1314
1315
1316
1317
1318
1319
1320
1321
1322
1323
1324
1325
1326
1327
1328
1329
1330
1331
1332
1333
1334
1335
1336
1337
1338
1339
1340
1341
1342
1343
1344
1345
1346
1347
1348
1349
1350
1351
1352
1353
1354
1355
1356
1357
1358
1359
1360
1361
1362
1363
1364
1365
1366
1367
1368
1369
1370
1371
1372
1373
1374
1375
1376
1377
1378
1379
1380
1381
1382
1383
1384
1385
1386
1387
1388
1389
1390
1391
1392
1393
1394
1395
1396
1397
1398
1399
1400
1401
1402
1403
1404
1405
1406
1407
1408
1409
1410
1411
1412
1413
1414
1415
1416
1417
1418
1419
1420
1421
1426
1428
1432
1433
1440
1441
1442
1457
1526
1527
1546
1558
1561
1563
1568
1571
1573
1602
1603
1604
1605
1606
1607
1608
1609
1610
1611
1612
1613
1614
1615
1616
1617
1618
1619
1620
1621
1622
1623
1624
1625
1626
1627
1628
1629
1630
1631
1632
1633
1634
1635
1636
1637
1638
1639
1640
1641
1642
1643
1644
1645
1646
1647
1648
1649
1650
1651
1652
1653
1654
1655
1656
1657
1658
1659
1660
1670
1671
1672
1715
1716
1717
1718
1719
1720
1721
1722
1723
1724
1725
1726
1727
1728
1729
1730
1731
1732
1733
1734
1735
1736
1737
1738
1739
1740
1741
1742
1743
1744
1745
1746
1747
1748
1749
1750
1751
1752
1753
1754
1755
1756
1757
1758
1759
1760
1761
1762
1763
1764
1765
1766
1767
1768
1769
1770
1771
1772
1773
1774
1775
1776
1777
1783
1784
1785
1786
1787
1788
1789
1790
1791
1792
1793
1794
1795
1798
1830
1831
1839
1840
1841
1842
1843
1844
1845
1846
1847
1848
1849
1850
1851
1852
1853
1854
1855
1856
1857
1858
1859
1860
1861
1891
1892
1893
1905
1906
1907
1908
1909
1910
1932
1933
1934
1935
1936
1937
1939
1940
1941
1942
1943
1944
1946
1947
1948
1949
1953
1955
1956
1957
1958
1959
1979
1980
1981
1982
1983
1984
1985
1986
1987
1988
2032
2034
2035
2037
2071
2072
2073
2074
2075
2076
2077
2078
2079
2080
2081
2082
2083
2084
2085
2086
2131
2132
2133
2134
2135
2136
2137
2138
2139
2140
2141
2142
2143
2144
2145
2146
2147
2148
2149
2150
2151
2152
2153
2159
2160
2172
2173
2182
2183
2184
2185
2203
2214
2215
2216
2217
2218
2219
2221
2222
2224
2241
2260
2261
2262
2263
2264
2265
2266
2267
2268
2269
2270
2271
2272
2273
2274
2276
2277
2278
2279
2280
2281
2300
2301
2302
2303
2304
2314
2395
2466
2467
2468
2469
2470
2471
2472
2473
2474
2475
2476
2477
2478
2479
2480
2481
2482
2483
2484
2485
2486
2487
2488
2489
2490
2491
2492
2493
2494
2495
2496
2565
2566
2567
2568
2569
2570
2571
2572
2573
2574
2575
2576
2577
2578
2579
2580
2581
2582
2583
2586
2598
2600
2601
2602
2603
2604
2605
2606
2607
2608
2609
2610
2611
2612
2613
2614
2615
2616
2617
2618
2639
2640
2641
2642
2643
2644
2645
2646
2647
2648
2649
2650
2651
2652
2699
2700
2702
2719
2720
2745
2758
2759
2760
2761
2762
2763
2764
2765
2766
2767
2768
2769
2770
2772
2773
2774
2801
2802
2803
2804
2805
2809
2810
2827
2828
2830
2831
2832
2836
2837
2838
2839
2840
2841
2842
2868
2869
2870
2871
2872
2880
2920
2921
2922
2923
2951
2952
2962
2963
2964
2965
2966
2967
2968
2969
2970
2971
2972
2973
2974
2975
2976
2985
2986
2987
2988
2989
2990
2991
3021
3022
3023
3024
3025
3036
3037
3073
3091
3092
3093
3094
3098
3100
3101
3102
3103
3104
3105
3106
3107
3108
3109
3110
3111
3112
3113
3114
3115
3121
3122
3123
3159
3165
3166
3167
3168
3169
3170
3270
3271
3283
3284
3285
3286
3287
3288
3289
3290
3291
3297
3330
3331
3332
3333
3334
3335
3336
3337
3338
3339
3349
3350
3351
3352
3358
3372
3383
3384
3385
3386
3387
3388
3389
3391
3392
3400
3401
3413
3417
3426
3427
3428
