31
32
81
82
404
405
626
627
628
629
630
751
834
835
836
892
1127
1128
1180
1271
1562
1713
1771
1772
1849
1880
1881
1882
1883
1884
1885
2995
3171
3188
3211
3394
3395
3396
3397
3424
3425
3484
3485
3486
3586
3587
3649
3773
4176
4177
4178
4179
4180
4216
4217
4218
4219
4220
4221
4222
4223
4224
4228
4229
4493
4494
4495
4612
4613
4640
4641
4695
4696
4721
5262
5263
5264
5265
5307
5351
5352
5353
5354
5355
5356
5357
5454
5455
5456
5465
5466
5474
5535
5536
5657
5658
5659
5660
5661
5662
5663
5813
6153
6154
6155
6156
6157
6158
6161
6162
6172
6198
6226
6227
6228
6229
6230
6231
6257
6258
6675
6948
6949
6964
6965
7090
7091
7092
7093
7311
7312
7313
7314
7315
7316
7317
7341
7342
7343
7344
7345
7346
7347
7348
7349
7350
7351
7352
7353
7354
7355
7356
7367
7368
7369
7370
7371
7372
7373
7374
7375
7419
7420
7421
7422
7423
7424
7425
7426
7427
7428
7440
7444
7445
7446
7447
7448
7449
7450
7451
7452
7453
7531
7532
7533
7534
7535
7536
7537
7538
7748
7749
7830
7831
7832
7860
7861
7862
7863
7872
7873
7874
7928
7929
7959
7974
8089
8090
8155
8171
8172
8173
8174
8455
8814
8821
8936
8991
9250
9251
9252
9253
9254
9709
9710
9731
9733
9794
9867
9910
9911
10509
10510
10511
10512
10566
10567
10568
10569
10570
10571
10572
10573
10574
10575
10576
10577
10617
10692
10705
10706
10752
10753
10754
10755
10796
10797
10798
10799
10800
10934
11216
11379
11404
11517
11629
11655
11811
11812
12023
12055
12056
12057
12058
12059
12166
12167
12168
12231
12232
12313
12365
12442
12443
12789
12854
12891
13250
13251
13252
13253
13254
13255
13525
13526
13527
13528
13529
13530
13531
13656
13667
13816
13887
14164
14268
14269
14417
14467
14468
14517
14518
14519
14743
14744
14986
15049
15050
15058
15167
15168
15224
15225
15236
15237
15238
15239
15240
15241
15242
15243
15244
15245
15246
15247
15248
15249
15250
15251
15356
15357
15399
15400
15401
15402
15403
15404
15405
15406
15407
15408
15413
15422
15423
15456
15477
15478
15512
15513
15514
15515
15543
15661
15765
15766
15797
15852
15958
16031
16034
16079
16080
16137
16138
16212
16213
16214
16310
16346
16347
16469
16470
16657
16658
16838
16839
16952
16953
16986
16987
16999
17028
17039
17040
17041
17042
17043
17044
17045
17046
17047
17048
17049
17050
17063
17064
17065
17066
17086
17087
17088
17089
17090
17201
17202
17203
17204
17247
17248
17268
17282
17359
17408
17435
17436
17437
17438
17439
17494
17495
17496
17497
17498
17499
17500
17501
17502
17503
17504
17505
17506
17598
17624
17714
17715
17716
17723
17724
17725
17726
17828
17829
17846
17847
17850
17912
18008
18009
18104
18105
18352
18354
18355
18357
18390
18467
18468
18614
18797
18799
18800
18916
18917
18970
18972
19076
19077
19078
19079
19080
19209
19210
19217
19410
19426
19529
19621
19622
19623
19624
19625
19778
19871
19908
19909
19928
20197
20198
20199
20200
20201
20202
20203
20204
20205
20206
20207
20208
20209
20210
20211
20212
20213
20908
20909
20910
20911
20912
20913
20914
11
50
51
80
83
142
237
238
239
240
477
527
553
554
572
573
574
575
700
713
714
748
760
768
781
782
783
805
831
890
891
949
1074
1085
1123
1129
1137
1138
1141
1142
1147
1148
1213
1230
1231
1232
1341
1389
1510
1545
1546
1710
1762
1763
1817
1818
1835
1836
1870
1871
1973
1977
2030
2043
2341
2379
2448
2449
2464
2489
2490
2622
2775
2851
2872
2921
2992
2993
3083
3084
3102
3103
3118
3119
3120
3121
3146
3150
3162
3192
3201
3216
3230
3233
3258
3259
3274
3275
3280
3281
3282
3283
3284
3314
3331
3357
3364
3389
3426
3427
3512
3550
3622
3632
3651
3696
3746
3838
3852
3904
3928
3992
4012
4042
4043
4044
4045
4295
4324
4530
4693
4881
4949
4953
5013
5045
5072
5073
5127
5128
5149
5181
5225
5232
5233
5234
5235
5236
5237
5238
5239
5240
5241
5242
5243
5285
5315
5318
5385
5408
5439
5448
5451
5470
5585
5593
5594
5609
5610
5611
5612
5613
5614
5621
5709
5746
5747
5773
5784
5785
5936
5942
5992
6022
6039
6055
6060
6113
6114
6128
6163
6179
6188
6209
6281
6287
6290
6291
6295
6363
6395
6405
6444
6445
6446
6466
6467
6468
6498
6530
6560
6579
6591
6592
6593
6594
6595
6596
6597
6612
6618
6620
6638
6644
6681
6684
6698
6741
6743
6744
6745
6746
6786
6787
6910
6911
6912
6943
6944
6945
6946
6950
6972
6973
6977
7016
7025
7026
7058
7059
7060
7061
7062
7067
7086
7116
7140
7141
7142
7143
7144
7170
7171
7174
7190
7191
7192
7206
7227
7262
7263
7286
7307
7321
7324
7325
7326
7327
7328
7330
7331
7340
7409
7410
7411
7479
7489
7549
7589
7595
7603
7604
7624
7755
7836
7859
7916
7964
7971
7981
8002
8061
8096
8099
8126
8136
8138
8176
8210
8288
8292
8315
8321
8359
8384
8411
8442
8443
8444
8494
8520
8521
8535
8565
8567
8568
8581
8653
8664
8686
8844
8845
8846
8847
8848
8849
8850
8897
8938
9111
9203
9278
9279
9280
9308
9368
9382
9437
9642
9643
9644
9645
9646
9743
9782
9786
9829
9836
9865
9866
9870
9895
9934
9935
9981
10044
10080
10164
10301
10337
10338
10339
10377
10520
10530
10531
10666
10680
10714
10721
10814
10815
10816
10817
10818
10819
10820
10821
10851
10882
10892
11120
11132
11149
11241
11260
11333
11559
11604
11627
11628
11635
11637
11667
11699
11732
11733
11734
11735
11750
11788
11822
11928
11929
11948
11956
12100
12113
12117
12252
12362
12363
12380
12444
12485
12548
12549
12622
12627
12657
12688
12697
12698
12790
12801
12825
12970
13114
13116
13117
13258
13277
13341
13438
13439
13440
13521
13535
13560
13561
13562
13563
13621
13719
13723
13803
13804
13870
14028
14033
14057
14451
14452
14495
14496
14550
14561
14567
14574
14589
14635
14723
14726
14727
14728
14730
14755
14993
15061
15062
15074
15080
15191
15234
15265
15266
15267
15270
15280
15299
15311
15320
15325
15341
15382
15416
15418
15450
15457
15460
15467
15468
15469
15470
15471
15472
15473
15493
15529
15541
15549
15588
15650
15672
15690
15692
15714
15750
15784
15785
15786
15837
15851
15906
15968
15969
15970
15971
15983
15984
15993
16000
16017
16039
16046
16062
16065
16083
16084
16148
16154
16156
16162
16163
16193
16229
16230
16231
16232
16233
16234
16235
16236
16248
16272
16273
16291
16292
16321
16333
16364
16368
16369
16370
16371
16372
16373
16404
16410
16439
16448
16450
16505
16506
16545
16546
16551
16552
16558
16583
16607
16627
16634
16636
16693
16695
16734
16800
16860
16945
16951
16973
16974
16975
16976
17010
17038
17054
17061
17078
17084
17119
17121
17124
17125
17128
17129
17130
17151
17155
17170
17197
17221
17237
17277
17288
17309
17343
17365
17369
17395
17440
17441
17493
17508
17509
17510
17570
17621
17622
17697
17745
17805
17817
17849
17992
18002
18003
18013
18018
18019
18033
18042
18062
18091
18112
18127
18128
18154
18180
18186
18191
18192
18205
18212
18286
18287
18303
18341
18353
18372
18374
18436
18500
18579
18586
18620
18647
18651
18684
18714
18717
18783
18789
18790
18814
18833
18841
18844
18945
18986
18995
19002
19012
19034
19063
19153
19200
19203
19204
19216
19224
19237
19252
19292
19295
19323
19325
19326
19356
19417
19444
19462
19514
19516
19522
19602
19626
19635
19637
19667
19683
19718
19746
19762
19772
19827
19859
19862
19890
19926
19942
19948
19957
19969
20090
20092
20093
20189
20190
20191
20192
20193
20194
20195
20196
20215
20216
20217
20218
20219
20220
20900
20901
20902
20903
20904
20905
20906
20907
20917
20918
20919
20920
1
2
3
5
7
8
10
12
23
24
26
27
28
29
33
34
39
40
41
42
43
44
45
46
48
52
53
54
57
67
73
84
85
86
87
88
92
93
94
95
96
97
98
99
100
101
102
103
105
106
107
108
110
111
112
113
114
115
116
117
118
119
126
127
128
129
130
131
132
133
134
135
136
137
138
139
140
141
143
144
145
146
148
149
150
151
152
153
154
155
156
157
158
159
160
161
162
163
164
177
178
187
196
197
218
226
227
228
229
233
234
235
236
241
242
246
247
248
251
252
253
259
299
300
301
302
306
307
308
309
310
311
312
313
333
339
340
341
342
343
344
362
363
364
365
366
367
374
375
376
377
380
381
382
383
384
385
386
387
388
389
390
391
392
393
433
434
435
436
437
438
439
440
441
442
443
444
445
446
447
448
449
450
451
452
464
465
466
467
468
469
470
471
472
473
474
475
476
479
497
498
499
508
509
513
514
515
518
530
531
532
533
534
535
536
537
538
539
540
541
552
563
565
566
567
568
569
570
571
576
577
578
579
580
581
582
583
584
585
586
587
588
589
590
591
595
596
597
598
599
600
601
602
613
614
615
616
617
618
619
620
621
634
635
636
637
643
657
658
659
660
661
662
663
664
665
666
667
668
669
670
678
679
680
681
682
686
687
689
690
691
692
693
694
695
696
697
698
702
703
704
705
706
708
709
710
721
723
727
730
731
732
736
737
738
741
742
747
764
769
770
773
776
784
785
786
792
793
797
798
799
802
806
809
810
812
813
814
815
816
817
825
826
827
828
837
838
839
840
841
842
843
844
845
846
847
848
849
850
851
852
853
854
855
856
857
858
859
860
861
862
863
864
872
880
881
882
883
884
885
886
887
888
889
894
895
899
900
901
902
903
904
905
906
907
908
909
910
911
912
913
914
915
916
917
918
919
920
921
922
923
926
927
928
929
930
931
932
933
934
935
936
937
938
940
946
947
948
950
951
952
953
954
955
956
957
958
977
978
979
980
981
982
983
984
989
990
991
992
993
994
995
996
997
998
999
1000
1001
1002
1003
1004
1005
1006
1007
1008
1009
1010
1011
1012
1013
1014
1015
1016
1017
1018
1019
1020
1021
1022
1023
1024
1025
1039
1040
1041
1042
1043
1044
1045
1046
1051
1052
1053
1054
1057
1058
1059
1060
1061
1062
1063
1064
1066
1083
1086
1087
1093
1094
1101
1102
1103
1104
1117
1118
1119
1131
1143
1144
1145
1146
1149
1150
1151
1152
1154
1155
1156
1170
1175
1176
1177
1178
1179
1199
1200
1201
1205
1206
1207
1208
1209
1210
1214
1215
1220
1221
1229
1252
1257
1258
1259
1260
1265
1266
1267
1270
1285
1286
1287
1288
1289
1290
1291
1292
1293
1294
1295
1296
1297
1298
1299
1300
1301
1302
1303
1304
1305
1306
1312
1313
1316
1317
1318
1319
1320
1321
1322
1327
1333
1345
1354
1355
1372
1373
1374
1381
1382
1383
1396
1423
1424
1425
1443
1444
1445
1446
1447
1448
1449
1450
1451
1452
1453
1472
1473
1474
1475
1476
1507
1508
1509
1524
1525
1526
1530
1531
1532
1540
1541
1543
1544
1550
1551
1559
1560
1563
1564
1565
1566
1567
1568
1573
1574
1576
1577
1581
1588
1589
1590
1594
1595
1596
1597
1598
1599
1600
1601
1602
1603
1606
1607
1608
1609
1610
1611
1624
1635
1636
1637
1638
1639
1640
1641
1642
1643
1644
1645
1646
1647
1649
1650
1654
1655
1656
1657
1658
1659
1660
1679
1680
1681
1682
1687
1688
1689
1691
1692
1693
1694
1695
1696
1698
1699
1700
1701
1702
1703
1705
1706
1707
1708
1709
1714
1715
1716
1717
1718
1719
1720
1721
1722
1723
1724
1725
1726
1727
1731
1732
1733
1734
1735
1736
1737
1738
1739
1740
1741
1744
1745
1746
1747
1748
1749
1750
1751
1752
1753
1754
1755
1756
1757
1758
1759
1760
1761
1764
1765
1766
1770
1775
1776
1777
1778
1779
1780
1781
1782
1783
1784
1785
1786
1787
1788
1789
1790
1791
1795
1797
1798
1799
1800
1801
1802
1803
1804
1805
1806
1807
1808
1809
1811
1812
1813
1814
1815
1819
1820
1821
1822
1823
1824
1825
1826
1827
1828
1829
1830
1831
1832
1833
1834
1837
1838
1839
1840
1841
1842
1843
1844
1845
1846
1847
1848
1859
1860
1861
1862
1863
1875
1876
1877
1878
1879
1886
1887
1888
1889
1890
1891
1892
1893
1894
1897
1898
1899
1900
1901
1902
1903
1904
1905
1906
1907
1909
1917
1918
1919
1921
1923
1924
1925
1926
1927
1928
1929
1930
1931
1932
1933
1934
1935
1936
1938
1939
1940
1941
1942
1943
1944
1945
1946
1949
1950
1960
1961
1968
1969
1970
1971
1972
1974
1999
2000
2001
2002
2003
2004
2005
2006
2007
2008
2009
2010
2011
2012
2013
2014
2015
2016
2017
2018
2019
2020
2021
2022
2023
2024
2026
2027
2028
2033
2034
2035
2044
2045
2046
2047
2048
2049
2050
2051
2052
2053
2054
2055
2056
2057
2058
2059
2060
2065
2087
2088
2089
2090
2093
2094
2095
2096
2097
2098
2099
2100
2101
2102
2103
2104
2105
2115
2116
2117
2137
2138
2139
2140
2141
2153
2154
2155
2156
2157
2158
2159
2160
2161
2162
2163
2164
2165
2166
2167
2168
2169
2170
2171
2172
2174
2175
2176
2177
2178
2179
2180
2181
2182
2183
2184
2185
2186
2187
2188
2189
2190
2191
2192
2195
2213
2214
2215
2216
2217
2218
2219
2220
2221
2222
2223
2224
2225
2226
2227
2228
2229
2230
2231
2232
2233
2234
2235
2236
2237
2238
2239
2240
2241
2243
2248
2249
2250
2251
2252
2253
2254
2255
2256
2267
2269
2270
2271
2272
2273
2274
2276
2277
2278
2279
2280
2281
2301
2316
2317
2318
2319
2320
2321
2322
2323
2324
2338
2339
2342
2343
2344
2361
2362
2363
2365
2366
2367
2368
2369
2370
2371
2372
2373
2378
2384
2385
2386
2387
2388
2389
2390
2391
2395
2396
2397
2398
2399
2400
2401
2402
2403
2404
2405
2406
2407
2408
2409
2410
2411
2431
2432
2433
2434
2435
2436
2437
2438
2439
2440
2450
2451
2452
2453
2454
2459
2460
2461
2462
2465
2466
2470
2471
2472
2473
2474
2475
2476
2477
2478
2479
2480
2481
2486
2487
2488
2491
2492
2496
2497
2498
2499
2500
2501
2502
2503
2504
2505
2506
2507
2508
2509
2510
2511
2512
2513
2514
2515
2516
2517
2518
2519
2520
2521
2523
2524
2525
2526
2527
2528
2529
2530
2539
2540
2541
2542
2543
2544
2545
2549
2551
2552
2553
2562
2563
2564
2565
2566
2567
2568
2569
2570
2571
2587
2588
2589
2590
2591
2592
2594
2599
2600
2601
2602
2618
2619
2620
2621
2630
2631
2632
2633
2634
2636
2637
2643
2644
2645
2646
2647
2649
2650
2651
2652
2653
2661
2662
2663
2664
2665
2666
2667
2668
2669
2670
2671
2672
2673
2674
2675
2676
2680
2681
2682
2683
2684
2685
2686
2687
2688
2689
2690
2691
2692
2693
2694
2695
2696
2697
2698
2703
2704
2705
2706
2707
2708
2710
2711
2712
2713
2714
2715
2716
2717
2718
2719
2720
2721
2722
2723
2724
2725
2738
2739
2740
2741
2742
2743
2744
2745
2746
2751
2752
2753
2754
2755
2756
2757
2758
2759
2760
2761
2762
2763
2764
2765
2766
2767
2768
2769
2770
2771
2772
2776
2777
2778
2779
2780
2781
2782
2783
2784
2785
2786
2787
2788
2789
2790
2791
2792
2793
2794
2795
2796
2797
2798
2799
2800
2801
2802
2803
2804
2805
2806
2807
2808
2809
2810
2811
2812
2813
2814
2815
2817
2818
2819
2820
2821
2822
2823
2824
2825
2826
2827
2828
2829
2830
2831
2832
2833
2834
2838
2839
2840
2841
2842
2843
2844
2846
2847
2848
2850
2852
2853
2854
2855
2856
2857
2858
2859
2867
2868
2869
2873
2874
2875
2876
2877
2878
2879
2880
2881
2882
2883
2884
2885
2886
2887
2888
2889
2890
2891
2892
2893
2894
2896
2897
2898
2901
2902
2903
2904
2905
2906
2907
2908
2909
2910
2911
2912
2913
2914
2922
2923
2924
2925
2926
2927
2928
2929
2930
2931
2938
2939
2940
2955
2956
2957
2958
2959
2960
2961
2962
2963
2964
2965
2966
2967
2968
2969
2970
2979
2980
2981
2982
2983
2984
2985
2986
2987
2988
2989
2990
2991
2994
2996
2997
2998
2999
3003
3004
3005
3006
3007
3008
3009
3010
3011
3012
3013
3014
3015
3016
3017
3018
3019
3020
3021
3022
3023
3024
3025
3026
3027
3028
3029
3030
3031
3032
3035
3036
3037
3038
3039
3040
3041
3042
3043
3045
3047
3048
3049
3050
3069
3070
3071
3072
3073
3074
3075
3076
3077
3078
3079
3080
3081
3082
3085
3093
3094
3095
3096
3097
3098
3099
3100
3101
3104
3105
3117
3122
3123
3124
3125
3126
3127
3128
3129
3130
3131
3132
3133
3134
3151
3152
3154
3155
3157
3158
3159
3160
3161
3163
3164
3165
3166
3167
3168
3169
3172
3178
3179
3180
3181
3182
3189
3190
3191
3193
3194
3195
3196
3197
3198
3199
3204
3205
3206
3207
3208
3209
3210
3214
3215
3217
3218
3219
3220
3221
3222
3223
3224
3225
3226
3227
3228
3229
3231
3232
3242
3243
3244
3245
3255
3256
3270
3271
3272
3273
3276
3277
3279
3285
3286
3287
3305
3315
3316
3317
3329
3330
3339
3340
3341
3342
3343
3344
3345
3346
3347
3349
3355
3356
3358
3359
3360
3361
3362
3363
3365
3366
3367
3368
3369
3381
3382
3383
3384
3390
3391
3392
3393
3398
3411
3412
3417
3418
3419
3420
3421
3422
3423
3430
3431
3432
3433
3434
3435
3436
3437
3438
3439
3440
3442
3443
3444
3445
3446
3447
3448
3449
3450
3451
3452
3453
3454
3455
3457
3458
3459
3461
3462
3463
3464
3465
3466
3470
3471
3472
3473
3474
3475
3476
3477
3496
3509
3510
3511
3523
3524
3534
3535
3536
3545
3546
3548
3549
3551
3552
3553
3554
3555
3556
3557
3558
3561
3562
3563
3564
3565
3566
3570
3571
3572
3585
3593
3594
3595
3596
3597
3607
3608
3609
3610
3611
3612
3613
3614
3615
3617
3618
3620
3621
3626
3635
3636
3637
3638
3639
3640
3645
3650
3652
3653
3656
3657
3658
3659
3660
3673
3674
3675
3677
3678
3680
3683
3684
3686
3687
3688
3691
3697
3698
3699
3700
3717
3718
3719
3720
3721
3722
3724
3725
3726
3729
3730
3731
3733
3747
3748
3749
3750
3751
3752
3753
3754
3779
3780
3781
3782
3783
3784
3785
3786
3797
3814
3815
3816
3818
3821
3822
3823
3824
3825
3826
3827
3828
3829
3830
3831
3832
3833
3834
3835
3853
3854
3855
3856
3857
3858
3859
3869
3870
3885
3886
3887
3888
3889
3890
3891
3892
3893
3894
3895
3896
3905
3906
3909
3910
3913
3914
3915
3916
3917
3918
3920
3921
3930
3931
3932
3937
3938
3939
3940
3941
3942
3943
3944
3945
3946
3947
3948
3953
3954
3955
3956
3957
3958
3959
3960
3972
3973
3974
3975
3976
3977
3978
3980
3981
3982
3983
3984
3995
3996
3997
3999
4000
4001
4002
4006
4007
4008
4009
4010
4011
4014
4015
4016
4017
4018
4019
4020
4021
4022
4023
4024
4025
4026
4027
4028
4029
4048
4049
4050
4051
4052
4053
4054
4055
4056
4057
4058
4059
4060
4061
4062
4063
4064
4065
4066
4067
4071
4072
4073
4074
4075
4076
4077
4078
4079
4080
4082
4083
4086
4088
4089
4090
4091
4092
4093
4094
4095
4096
4107
4108
4109
4110
4111
4112
4113
4114
4115
4128
4129
4130
4139
4140
4141
4142
4143
4144
4145
4146
4152
4153
4154
4155
4156
4157
4158
4159
4160
4162
4163
4164
4166
4167
4168
4169
4170
4171
4172
4173
4174
4175
4181
4182
4183
4185
4186
4187
4188
4189
4190
4191
4192
4193
4194
4195
4196
4197
4198
4204
4205
4206
4207
4208
4209
4225
4231
4232
4236
4242
4243
4244
4245
4246
4247
4248
4249
4250
4251
4252
4255
4264
4265
4277
4278
4296
4300
4310
4313
4314
4317
4318
4341
4342
4343
4344
4360
4361
4362
4363
4364
4365
4366
4367
4373
4374
4375
4376
4377
4378
4379
4381
4385
4386
4387
4388
4389
4390
4392
4393
4394
4395
4396
4405
4406
4407
4408
4419
4423
4424
4425
4431
4432
4433
4434
4435
4436
4440
4443
4444
4445
4446
4447
4448
4449
4450
4451
4465
4466
4467
4468
4469
4477
4478
4479
4480
4481
4482
4483
4484
4485
4487
4488
4491
4492
4501
4503
4504
4505
4507
4508
4518
4519
4526
4545
4548
4549
4550
4551
4552
4555
4556
4557
4558
4559
4560
4561
4562
4563
4564
4569
4570
4571
4585
4586
4588
4589
4590
4591
4592
4593
4594
4595
4596
4597
4598
4600
4601
4607
4608
4609
4611
4625
4626
4627
4628
4629
4630
4631
4637
4638
4639
4642
4643
4644
4645
4646
4647
4648
4649
4657
4658
4659
4660
4661
4662
4663
4664
4665
4666
4667
4669
4671
4672
4673
4674
4675
4676
4677
4678
4684
4685
4686
4687
4688
4689
4690
4694
4699
4700
4701
4702
4703
4704
4705
4706
4707
4708
4709
4710
4711
4712
4714
4715
4716
4717
4718
4719
4720
4722
4726
4727
4739
4740
4741
4750
4751
4752
4753
4754
4755
4756
4757
4758
4759
4760
4761
4762
4763
4764
4765
4766
4767
4772
4774
4775
4776
4782
4783
4784
4786
4794
4795
4796
4797
4798
4799
4800
4801
4802
4803
4808
4809
4810
4811
4812
4813
4814
4815
4816
4817
4818
4819
4822
4823
4824
4825
4826
4827
4828
4829
4830
4831
4832
4833
4834
4835
4836
4837
4838
4839
4840
4841
4844
4845
4846
4863
4866
4867
4868
4869
4870
4871
4872
4873
4874
4880
4894
4895
4896
4897
4908
4909
4910
4911
4912
4913
4914
4915
4931
4932
4933
4934
4937
4938
4954
4955
4956
4958
4959
4960
4961
4962
4963
4970
4971
4972
4973
4974
4975
4976
4977
4978
4979
4980
4981
4988
4989
4990
4991
4992
4993
5006
5007
5008
5009
5010
5011
5017
5018
5019
5020
5021
5026
5027
5028
5036
5038
5041
5042
5043
5046
5049
5050
5052
5053
5054
5055
5070
5071
5074
5080
5081
5082
5083
5084
5090
5091
5092
5110
5111
5112
5113
5114
5115
5117
5134
5135
5143
5144
5145
5146
5147
5160
5168
5169
5188
5198
5199
5200
5201
5215
5217
5222
5224
5244
5245
5246
5256
5258
5267
5268
5280
5281
5282
5284
5299
5301
5308
5309
5310
5327
5331
5332
5358
5359
5372
5380
5381
5382
5383
5384
5406
5407
5409
5410
5411
5412
5413
5414
5415
5416
5417
5418
5434
5435
5441
5457
5467
5469
5473
5476
5479
5480
5482
5486
5487
5488
5489
5490
5491
5492
5493
5494
5495
5496
5500
5505
5507
5508
5509
5510
5511
5513
5515
5516
5518
5523
5524
5527
5528
5529
5542
5543
5552
5553
5554
5557
5559
5560
5562
5563
5564
5565
5570
5571
5572
5573
5574
5575
5579
5580
5583
5600
5601
5602
5603
5604
5605
5607
5608
5616
5617
5618
5619
5620
5623
5624
5625
5626
5627
5628
5634
5635
5638
5639
5640
5641
5642
5643
5646
5652
5653
5668
5669
5670
5671
5689
5693
5694
5695
5696
5697
5699
5700
5701
5702
5703
5711
5712
5713
5724
5725
5735
5736
5737
5738
5739
5740
5748
5749
5755
5756
5758
5759
5760
5761
5762
5763
5764
5765
5766
5767
5776
5777
5778
5779
5780
5781
5782
5783
5787
5788
5789
5790
5791
5792
5793
5794
5795
5796
5797
5798
5801
5802
5803
5804
5805
5806
5807
5808
5809
5810
5811
5812
5814
5829
5830
5831
5832
5833
5834
5835
5836
5837
5838
5842
5843
5851
5852
5853
5854
5855
5856
5857
5858
5859
5860
5861
5862
5863
5864
5865
5866
5867
5868
5869
5870
5871
5873
5875
5886
5898
5899
5900
5901
5902
5903
5904
5905
5906
5908
5909
5910
5911
5912
5913
5914
5915
5916
5923
5924
5925
5926
5928
5929
5930
5932
5933
5945
5946
5947
5948
5949
5950
5952
5953
5954
5955
5956
5957
5959
5960
5961
5963
5964
5969
5971
5973
5974
5975
5976
5977
5978
5979
5980
5982
5985
5986
5991
5993
6001
6002
6003
6004
6005
6006
6007
6008
6009
6010
6011
6012
6013
6014
6015
6018
6019
6020
6021
6023
6029
6030
6031
6032
6034
6042
6043
6047
6048
6049
6050
6051
6052
6053
6054
6056
6057
6061
6062
6063
6064
6068
6069
6070
6071
6072
6073
6074
6075
6082
6085
6086
6087
6088
6089
6090
6091
6092
6093
6094
6098
6099
6100
6101
6102
6103
6115
6116
6118
6119
6120
6121
6122
6123
6124
6125
6130
6131
6132
6136
6137
6141
6142
6143
6148
6152
6164
6166
6167
6168
6169
6170
6171
6194
6195
6196
6199
6200
6222
6235
6237
6242
6248
6249
6250
6251
6252
6259
6260
6261
6262
6263
6264
6265
6266
6267
6268
6269
6270
6271
6272
6273
6274
6276
6277
6278
6279
6282
6297
6307
6308
6309
6310
6311
6312
6313
6314
6315
6316
6317
6321
6322
6323
6325
6326
6332
6353
6354
6356
6357
6358
6359
6365
6372
6373
6374
6375
6376
6380
6381
6385
6390
6391
6399
6400
6409
6412
6413
6414
6422
6424
6425
6426
6427
6433
6434
6435
6436
6437
6443
6447
6448
6449
6450
6451
6452
6453
6454
6455
6462
6463
6464
6475
6476
6483
6484
6485
6486
6487
6488
6489
6490
6491
6495
6499
6500
6503
6506
6507
6515
6516
6517
6518
6519
6521
6523
6527
6528
6529
6531
6532
6533
6534
6535
6537
6549
6550
6551
6552
6553
6554
6555
6556
6557
6558
6559
6561
6564
6565
6571
6572
6573
6574
6575
6576
6577
6578
6580
6586
6587
6588
6602
6603
6604
6605
6606
6607
6608
6609
6610
6611
6628
6633
6639
6646
6647
6648
6656
6669
6670
6671
6672
6680
6694
6695
6696
6704
6705
6706
6707
6708
6714
6715
6719
6720
6721
6722
6723
6724
6725
6726
6727
6728
6729
6736
6737
6742
6748
6763
6768
6769
6771
6772
6773
6780
6784
6785
6814
6817
6825
6837
6841
6842
6843
6844
6845
6846
6847
6848
6849
6851
6853
6859
6860
6870
6872
6873
6877
6884
6885
6886
6887
6888
6889
6890
6891
6892
6893
6894
6895
6896
6897
6898
6899
6900
6901
6902
6904
6905
6906
6913
6914
6918
6919
6922
6935
6936
6941
6942
6951
6952
6953
6954
6955
6956
6957
6958
6962
6966
6967
6968
6980
6981
6982
6983
6984
6985
6986
6987
6989
6990
6991
6992
6993
6994
6995
7014
7023
7024
7027
7028
7029
7030
7031
7032
7033
7037
7038
7043
7044
7046
7057
7068
7070
7072
7073
7074
7075
7076
7077
7079
7087
7088
7095
7096
7097
7098
7099
7100
7101
7102
7103
7107
7108
7110
7111
7112
7113
7117
7118
7120
7121
7148
7149
7150
7151
7152
7153
7154
7155
7156
7157
7158
7159
7160
7161
7165
7177
7178
7179
7181
7182
7185
7189
7194
7195
7196
7198
7199
7200
7201
7202
7208
7209
7210
7211
7212
7213
7214
7215
7216
7228
7229
7230
7231
7232
7233
7234
7235
7236
7237
7245
7246
7266
7267
7271
7272
7274
7276
7277
7281
7282
7284
7285
7287
7288
7290
7297
7318
7319
7320
7332
7333
7334
7335
7336
7337
7338
7364
7365
7376
7377
7378
7379
7380
7381
7382
7385
7390
7391
7392
7393
7396
7397
7398
7399
7402
7412
7413
7414
7415
7416
7417
7418
7431
7432
7433
7439
7454
7456
7460
7461
7462
7463
7470
7471
7481
7488
7491
7505
7506
7507
7508
7514
7515
7516
7517
7518
7519
7520
7521
7522
7525
7526
7529
7530
7540
7541
7542
7543
7547
7550
7574
7575
7587
7593
7594
7597
7599
7609
7610
7611
7612
7613
7620
7621
7622
7623
7627
7629
7631
7632
7633
7635
7636
7637
7638
7649
7650
7658
7659
7660
7661
7662
7663
7664
7665
7666
7670
7673
7674
7675
7676
7677
7678
7679
7681
7683
7685
7686
7687
7688
7689
7691
7692
7693
7695
7700
7701
7702
7703
7704
7706
7717
7729
7730
7731
7732
7739
7744
7745
7750
7751
7752
7753
7754
7757
7758
7759
7760
7761
7763
7764
7765
7766
7772
7782
7791
7794
7795
7811
7812
7813
7814
7819
7837
7838
7842
7843
7844
7845
7846
7847
7848
7849
7853
7864
7875
7876
7880
7889
7891
7912
7913
7921
7922
7923
7924
7925
7927
7933
7941
7942
7943
7944
7945
7946
7947
7948
7949
7950
7951
7952
7953
7954
7960
7965
7966
7972
7975
7976
7991
7992
7993
7994
8015
8016
8017
8023
8024
8025
8026
8027
8028
8029
8030
8031
8032
8033
8034
8035
8036
8037
8038
8039
8040
8041
8062
8065
8068
8077
8078
8079
8080
8094
8095
8102
8107
8113
8127
8128
8129
8130
8131
8132
8133
8134
8135
8139
8140
8141
8142
8144
8145
8146
8147
8148
8149
8150
8151
8152
8153
8154
8175
8177
8178
8179
8204
8209
8211
8212
8213
8215
8216
8217
8229
8230
8231
8232
8233
8235
8236
8242
8243
8244
8245
8246
8247
8248
8249
8250
8251
8252
8253
8257
8258
8259
8260
8261
8262
8263
8264
8265
8266
8267
8272
8273
8274
8275
8276
8279
8281
8283
8284
8289
8293
8294
8295
8296
8297
8298
8299
8300
8301
8302
8303
8304
8305
8306
8307
8308
8317
8318
8322
8334
8335
8336
8337
8338
8339
8349
8350
8360
8366
8367
8370
8383
8385
8388
8389
8390
8391
8392
8393
8394
8396
8398
8399
8400
8401
8402
8403
8404
8405
8406
8407
8412
8413
8414
8415
8416
8432
8433
8435
8441
8445
8446
8447
8456
8457
8458
8459
8462
8463
8464
8466
8467
8483
8491
8492
8495
8496
8497
8498
8499
8500
8501
8502
8504
8505
8507
8508
8509
8510
8511
8514
8516
8517
8518
8519
8527
8528
8529
8530
8541
8542
8543
8544
8547
8548
8549
8550
8552
8553
8557
8558
8559
8560
8561
8562
8563
8566
8569
8570
8571
8572
8573
8574
8575
8576
8577
8578
8579
8583
8584
8585
8586
8587
8590
8591
8592
8593
8594
8595
8596
8597
8598
8599
8600
8601
8602
8603
8604
8605
8606
8620
8633
8634
8635
8636
8637
8643
8644
8645
8646
8650
8651
8652
8661
8665
8666
8667
8668
8669
8670
8672
8673
8674
8675
8676
8677
8678
8679
8680
8681
8694
8717
8718
8720
8721
8722
8723
8724
8725
8726
8727
8728
8732
8733
8734
8735
8736
8737
8738
8739
8740
8741
8742
8743
8744
8745
8746
8747
8748
8749
8750
8751
8752
8753
8754
8755
8756
8757
8758
8759
8760
8761
8762
8763
8764
8765
8766
8767
8768
8769
8770
8771
8772
8773
8774
8775
8776
8777
8778
8779
8780
8781
8782
8783
8798
8800
8802
8804
8805
8806
8807
8809
8810
8811
8812
8813
8820
8824
8826
8827
8828
8829
8830
8831
8832
8833
8834
8836
8837
8839
8840
8854
8864
8866
8867
8868
8875
8876
8877
8886
8887
8888
8889
8890
8891
8892
8893
8894
8899
8900
8901
8902
8903
8904
8908
8918
8919
8920
8921
8925
8926
8927
8928
8929
8939
8940
8941
8942
8943
8952
8953
8954
8955
8956
8957
8958
8960
8962
8964
8965
8969
8970
8971
8972
8973
8974
8975
8976
8977
8978
8979
8980
8981
8982
8983
8984
8985
8986
8987
8988
8990
8995
8996
8997
8998
8999
9000
9002
9004
9005
9039
9040
9041
9042
9043
9044
9058
9065
9066
9067
9068
9076
9105
9106
9107
9110
9112
9113
9114
9115
9120
9121
9122
9123
9124
9125
9127
9128
9129
9130
9131
9132
9133
9134
9136
9137
9204
9221
9222
9229
9234
9235
9236
9237
9238
9239
9240
9241
9248
9261
9263
9264
9265
9266
9267
9282
9284
9285
9286
9287
9288
9289
9290
9291
9292
9298
9299
9300
9301
9302
9303
9304
9305
9309
9317
9318
9319
9320
9321
9322
9323
9324
9325
9326
9327
9328
9329
9330
9331
9334
9338
9339
9340
9341
9342
9348
9350
9351
9352
9353
9354
9355
9356
9359
9374
9375
9376
9379
9380
9388
9389
9390
9407
9408
9409
9410
9414
9415
9416
9417
9418
9419
9420
9422
9423
9425
9428
9430
9431
9432
9433
9435
9436
9439
9440
9441
9442
9443
9444
9445
9446
9463
9464
9465
9466
9469
9471
9472
9503
9504
9505
9506
9507
9508
9509
9510
9511
9512
9514
9517
9518
9519
9520
9521
9522
9523
9541
9542
9546
9547
9549
9554
9555
9557
9569
9570
9574
9596
9597
9598
9599
9600
9601
9602
9603
9610
9614
9615
9620
9624
9625
9626
9627
9628
9629
9630
9631
9632
9633
9635
9636
9638
9639
9660
9661
9662
9663
9667
9668
9669
9670
9671
9672
9673
9674
9675
9676
9677
9678
9679
9680
9681
9682
9688
9689
9691
9692
9693
9694
9695
9696
9697
9698
9700
9701
9702
9703
9704
9705
9706
9707
9708
9711
9721
9722
9723
9724
9725
9732
9741
9746
9748
9749
9750
9751
9752
9753
9754
9755
9756
9757
9758
9759
9760
9761
9762
9767
9768
9769
9770
9771
9772
9773
9774
9779
9780
9781
9783
9798
9799
9800
9801
9802
9803
9804
9805
9806
9807
9808
9809
9810
9827
9828
9840
9841
9842
9843
9844
9845
9846
9847
9848
9849
9850
9851
9852
9853
9854
9855
9856
9857
9861
9871
9874
9875
9876
9883
9884
9885
9886
9887
9888
9891
9892
9893
9894
9896
9897
9898
9899
9901
9902
9903
9904
9905
9907
9908
9909
9912
9915
9916
9917
9918
9919
9920
9921
9925
9926
9927
9947
9949
9950
9951
9952
9954
9955
9969
10001
10016
10017
10018
10027
10028
10029
10037
10040
10041
10043
10046
10047
10048
10049
10050
10051
10054
10055
10056
10057
10058
10059
10060
10061
10072
10073
10074
10075
10076
10077
10078
10079
10081
10088
10089
10097
10098
10099
10100
10101
10102
10107
10108
10113
10114
10115
10116
10117
10122
10123
10124
10125
10136
10139
10140
10141
10142
10143
10144
10145
10146
10147
10148
10149
10150
10151
10152
10153
10154
10155
10156
10157
10158
10159
10160
10161
10162
10163
10166
10167
10168
10169
10170
10171
10172
10174
10175
10176
10177
10180
10184
10185
10207
10208
10209
10210
10211
10213
10215
10217
10218
10219
10220
10221
10222
10223
10224
10225
10226
10227
10236
10237
10256
10258
10259
10260
10261
10266
10267
10268
10270
10271
10272
10273
10274
10275
10276
10277
10278
10279
10280
10281
10282
10284
10285
10286
10287
10288
10289
10290
10291
10292
10293
10294
10295
10296
10297
10298
10299
10300
10304
10312
10313
10314
10315
10316
10317
10318
10319
10320
10321
10322
10324
10325
10327
10328
10329
10330
10331
10332
10333
10334
10335
10336
10340
10341
10342
10343
10344
10345
10346
10347
10348
10349
10350
10351
10352
10353
10360
10361
10363
10364
10376
10378
10379
10380
10381
10382
10383
10384
10385
10386
10387
10397
10405
10407
10416
10418
10419
10420
10421
10422
10423
10424
10429
10431
10432
10433
10434
10435
10436
10437
10439
10440
10441
10442
10443
10444
10445
10446
10447
10448
10449
10450
10451
10452
10453
10454
10455
10458
10459
10464
10465
10466
10467
10468
10469
10470
10471
10472
10473
10474
10475
10476
10477
10478
10485
10486
10488
10490
10491
10492
10493
10494
10495
10496
10497
10498
10499
10517
10518
10519
10533
10542
10558
10559
10578
10579
10580
10581
10582
10583
10584
10585
10586
10587
10588
10589
10590
10591
10592
10593
10594
10598
10599
10603
10608
10609
10610
10611
10612
10613
10614
10615
10616
10624
10625
10627
10645
10646
10647
10648
10649
10650
10651
10652
10653
10654
10655
10656
10657
10658
10667
10669
10670
10671
10672
10699
10700
10701
10702
10703
10704
10712
10713
10731
10734
10735
10739
10756
10760
10761
10762
10768
10769
10772
10775
10776
10777
10778
10779
10780
10781
10782
10783
10784
10785
10786
10787
10788
10789
10790
10802
10803
10804
10805
10806
10807
10808
10809
10811
10812
10822
10823
10824
10830
10831
10834
10842
10843
10844
10845
10849
10850
10858
10859
10860
10861
10862
10863
10864
10865
10866
10867
10871
10879
10884
10885
10886
10887
10888
10889
10894
10903
10904
10905
10906
10907
10908
10909
10910
10911
10912
10913
10914
10915
10916
10917
10918
10919
10926
10927
10928
10933
10957
10958
10959
10960
10962
10963
10964
10975
10976
10977
10978
10979
10980
10983
10984
10985
10986
10987
10988
10989
10990
10991
10993
10994
10995
10996
10997
11000
11001
11002
11004
11005
11011
11012
11013
11014
11015
11017
11018
11020
11021
11022
11027
11028
11029
11030
11031
11032
11035
11045
11046
11047
11049
11050
11051
11052
11054
11055
11056
11057
11058
11061
11062
11064
11065
11066
11067
11068
11069
11070
11071
11072
11080
11081
11084
11085
11086
11087
11088
11092
11093
11094
11095
11096
11097
11098
11099
11100
11101
11102
11103
11104
11105
11106
11107
11108
11109
11110
11111
11112
11113
11115
11116
11117
11118
11119
11121
11122
11123
11124
11125
11126
11127
11128
11129
11130
11131
11134
11135
11137
11144
11145
11146
11147
11148
11153
11154
11155
11157
11158
11159
11160
11165
11166
11174
11177
11180
11181
11182
11183
11184
11185
11186
11187
11188
11189
11190
11191
11192
11193
11194
11195
11196
11197
11202
11203
11204
11205
11208
11209
11218
11219
11220
11221
11222
11230
11231
11232
11233
11234
11235
11236
11237
11238
11239
11240
11242
11243
11244
11245
11246
11247
11248
11249
11250
11256
11262
11263
11264
11265
11266
11267
11268
11269
11270
11271
11272
11276
11277
11278
11279
11280
11281
11282
11283
11284
11285
11286
11287
11288
11289
11290
11291
11292
11293
11294
11295
11296
11297
11298
11299
11301
11305
11307
11308
11309
11310
11311
11312
11313
11314
11315
11316
11317
11318
11319
11320
11321
11335
11339
11340
11341
11342
11344
11345
11346
11348
11352
11380
11385
11386
11387
11388
11389
11390
11391
11395
11397
11398
11399
11400
11401
11402
11403
11406
11407
11411
11412
11416
11417
11418
11421
11422
11423
11424
11425
11426
11427
11428
11429
11430
11431
11432
11433
11434
11435
11436
11437
11439
11440
11441
11442
11443
11444
11445
11448
11455
11457
11458
11461
11462
11463
11467
11468
11469
11470
11471
11472
11481
11482
11483
11484
11485
11486
11487
11488
11489
11490
11491
11492
11493
11495
11496
11497
11498
11504
11510
11511
11513
11516
11534
11535
11536
11537
11538
11539
11540
11541
11542
11562
11563
11564
11565
11566
11567
11568
11569
11570
11571
11572
11578
11579
11586
11587
11589
11591
11597
11598
11599
11602
11603
11611
11631
11633
11634
11636
11638
11639
11641
11642
11643
11644
11645
11646
11647
11648
11649
11650
11651
11652
11653
11654
11656
11657
11658
11663
11664
11665
11666
11668
11670
11671
11672
11673
11674
11675
11676
11677
11678
11679
11680
11681
11682
11683
11684
11689
11690
11692
11693
11694
11696
11697
11698
11701
11702
11725
11727
11736
11739
11748
11749
11756
11757
11758
11759
11760
11761
11762
11763
11764
11765
11766
11767
11768
11769
11771
11785
11786
11797
11798
11800
11802
11803
11804
11805
11806
11808
11810
11819
11824
11826
11827
11834
11835
11836
11837
11838
11839
11840
11842
11843
11844
11845
11846
11847
11848
11851
11852
11853
11854
11855
11856
11857
11858
11859
11860
11861
11862
11863
11864
11865
11868
11896
11897
11898
11899
11900
11901
11902
11910
11915
11916
11917
11921
11922
11923
11924
11925
11926
11930
11934
11935
11936
11937
11938
11940
11942
11943
11949
11950
11951
11952
11953
11954
11955
11957
11958
11959
11960
11961
11962
11965
11977
11978
11979
11980
11998
11999
12003
12007
12008
12022
12028
12029
12034
12052
12053
12054
12061
12063
12064
12065
12066
12067
12068
12075
12076
12077
12078
12079
12082
12083
12084
12085
12086
12087
12088
12089
12091
12097
12098
12099
12101
12102
12103
12104
12105
12111
12112
12114
12115
12118
12119
12120
12121
12122
12123
12124
12125
12126
12127
12128
12129
12130
12131
12132
12141
12142
12143
12144
12145
12149
12159
12169
12173
12174
12175
12176
12177
12178
12179
12180
12181
12182
12183
12184
12185
12186
12187
12197
12198
12199
12200
12213
12214
12215
12216
12217
12226
12236
12242
12243
12244
12245
12246
12248
12249
12250
12251
12259
12260
12261
12288
12289
12290
12291
12292
12298
12299
12300
12304
12306
12310
12319
12320
12322
12324
12325
12326
12327
12328
12329
12330
12332
12333
12334
12335
12336
12337
12338
12339
12340
12341
12342
12343
12344
12345
12346
12347
12348
12349
12350
12351
12352
12353
12354
12355
12364
12379
12385
12414
12415
12416
12417
12418
12419
12420
12421
12422
12423
12424
12425
12426
12427
12428
12429
12430
12431
12432
12433
12434
12435
12436
12437
12438
12439
12440
12450
12451
12452
12453
12454
12455
12465
12472
12473
12474
12475
12476
12477
12486
12487
12488
12489
12490
12491
12492
12493
12494
12495
12496
12497
12498
12512
12513
12514
12516
12517
12518
12519
12520
12521
12522
12550
12551
12552
12553
12554
12555
12556
12557
12569
12570
12571
12572
12573
12574
12575
12576
12577
12578
12579
12580
12581
12582
12583
12584
12585
12586
12587
12588
12589
12590
12591
12592
12599
12600
12601
12602
12603
12604
12605
12611
12612
12616
12618
12619
12620
12623
12626
12628
12631
12636
12638
12640
12658
12659
12660
12674
12675
12676
12677
12678
12679
12681
12686
12687
12689
12690
12691
12692
12693
12694
12695
12696
12699
12700
12701
12702
12705
12710
12711
12712
12713
12715
12722
12724
12725
12726
12728
12729
12730
12742
12743
12744
12745
12746
12747
12748
12749
12750
12751
12752
12753
12754
12755
12756
12757
12758
12759
12760
12761
12762
12763
12764
12765
12766
12767
12768
12769
12770
12771
12772
12773
12774
12775
12776
12777
12778
12779
12785
12787
12788
12792
12793
12794
12795
12799
12802
12803
12805
12807
12808
12809
12810
12811
12812
12814
12817
12818
12819
12820
12821
12822
12823
12824
12834
12835
12836
12837
12840
12861
12862
12863
12864
12865
12866
12867
12868
12869
12870
12871
12872
12873
12874
12875
12876
12877
12878
12879
12887
12888
12890
12895
12896
12897
12898
12900
12901
12902
12903
12904
12905
12908
12909
12910
12911
12912
12919
12920
12928
12944
12945
12947
12949
12957
12958
12959
12960
12961
12962
12963
12964
12965
12966
12967
12968
12969
12971
12972
12989
12991
12992
12999
13002
13003
13004
13010
13011
13022
13023
13027
13028
13029
13030
13031
13032
13033
13034
13035
13036
13042
13056
13057
13058
13059
13060
13061
13062
13063
13064
13065
13066
13067
13068
13069
13070
13071
13073
13079
13080
13081
13082
13083
13084
13085
13086
13087
13088
13089
13090
13091
13092
13093
13094
13095
13103
13104
13105
13106
13111
13112
13113
13119
13120
13121
13122
13126
13127
13128
13129
13130
13131
13133
13139
13140
13141
13142
13143
13144
13154
13155
13156
13157
13162
13164
13165
13172
13173
13174
13181
13182
13183
13184
13185
13186
13187
13189
13190
13191
13192
13193
13194
13205
13206
13208
13209
13210
13211
13212
13213
13214
13215
13216
13219
13223
13224
13225
13226
13227
13228
13229
13230
13231
13232
13233
13234
13235
13236
13237
13240
13241
13242
13243
13244
13245
13247
13248
13249
13256
13257
13260
13261
13262
13263
13264
13265
13267
13270
13271
13275
13276
13279
13280
13281
13282
13283
13284
13285
13295
13297
13298
13299
13300
13301
13302
13303
13304
13305
13306
13307
13308
13309
13310
13311
13312
13313
13314
13315
13325
13329
13331
13332
13333
13338
13339
13340
13361
13365
13366
13367
13368
13369
13370
13376
13377
13378
13379
13380
13381
13382
13391
13392
13394
13395
13396
13397
13398
13399
13400
13401
13402
13403
13404
13405
13406
13407
13408
13409
13410
13411
13412
13413
13414
13415
13416
13417
13418
13419
13420
13421
13422
13423
13424
13425
13426
13427
13428
13429
13430
13431
13432
13433
13434
13435
13436
13437
13442
13443
13444
13445
13446
13447
13457
13458
13459
13460
13461
13462
13463
13467
13471
13472
13474
13480
13481
13482
13483
13484
13485
13486
13487
13488
13494
13499
13502
13503
13504
13505
13506
13507
13508
13512
13513
13514
13515
13518
13520
13522
13534
13536
13537
13538
13539
13540
13544
13545
13546
13547
13548
13549
13558
13589
13590
13591
13600
13604
13605
13608
13612
13619
13620
13629
13630
13639
13640
13641
13642
13643
13644
13645
13646
13647
13650
13651
13652
13660
13661
13662
13663
13664
13665
13666
13671
13672
13687
13688
13697
13724
13725
13726
13731
13732
13733
13734
13735
13736
13748
13754
13758
13759
13760
13761
13762
13793
13794
13799
13801
13802
13815
13841
13843
13849
13850
13855
13856
13857
13859
13864
13867
13868
13869
13871
13874
13875
13876
13877
13878
13879
13880
13890
13897
13898
13899
13900
13903
13904
13905
13906
13907
13911
13912
13913
13914
13917
13918
13919
13920
13921
13922
13923
13925
13927
13928
13929
13930
13931
13932
13933
13934
13935
13938
13939
13944
13945
13946
13947
13948
13950
13954
13955
13956
13960
13966
13967
13968
13969
13970
13980
13981
13982
13983
13984
13985
13986
13987
13993
13999
14000
14001
14002
14003
14004
14005
14006
14007
14017
14018
14019
14022
14023
14024
14025
14026
14027
14031
14032
14034
14035
14037
14038
14040
14041
14042
14043
14044
14045
14046
14047
14048
14049
14050
14051
14052
14054
14056
14081
14082
14085
14086
14087
14088
14089
14090
14091
14095
14102
14103
14104
14105
14106
14107
14108
14109
14110
14111
14112
14113
14114
14115
14137
14138
14139
14140
14141
14142
14143
14145
14146
14148
14149
14150
14157
14158
14159
14160
14161
14162
14163
14168
14169
14172
14173
14174
14175
14176
14177
14178
14179
14180
14181
14182
14183
14184
14191
14192
14193
14194
14199
14200
14201
14202
14203
14209
14214
14215
14216
14219
14220
14222
14224
14225
14230
14246
14247
14266
14267
14271
14272
14273
14274
14275
14276
14277
14278
14279
14280
14281
14282
14283
14284
14285
14286
14287
14288
14289
14290
14291
14292
14293
14294
14295
14296
14297
14298
14299
14300
14301
14302
14303
14304
14305
14306
14307
14308
14309
14310
14311
14312
14322
14323
14324
14325
14326
14327
14328
14329
14330
14334
14335
14336
14337
14338
14339
14340
14341
14342
14349
14350
14351
14363
14364
14366
14367
14368
14369
14371
14372
14375
14376
14377
14378
14379
14380
14381
14382
14383
14384
14388
14390
14401
14402
14403
14404
14405
14406
14407
14408
14409
14428
14435
14438
14439
14440
14441
14442
14443
14444
14445
14446
14447
14453
14454
14456
14457
14458
14459
14460
14461
14462
14463
14464
14465
14466
14469
14477
14478
14483
14484
14485
14486
14487
14488
14489
14490
14491
14492
14493
14494
14497
14503
14504
14505
14506
14509
14511
14512
14513
14515
14516
14520
14521
14522
14523
14524
14525
14526
14558
14559
14560
14565
14566
14568
14569
14570
14571
14572
14575
14576
14577
14579
14580
14581
14582
14583
14584
14585
14586
14587
14588
14590
14591
14592
14593
14594
14598
14599
14600
14601
14602
14604
14607
14614
14615
14616
14617
14618
14619
14620
14623
14624
14625
14626
14627
14628
14629
14630
14631
14632
14633
14636
14637
14646
14647
14648
14649
14660
14661
14681
14682
14684
14685
14686
14687
14688
14689
14690
14691
14692
14693
14694
14695
14696
14697
14698
14699
14700
14701
14702
14708
14709
14710
14715
14716
14717
14718
14719
14721
14722
14724
14725
14729
14731
14732
14733
14735
14736
14737
14741
14742
14748
14749
14750
14751
14752
14753
14756
14757
14758
14759
14760
14761
14764
14765
14766
14767
14768
14769
14770
14771
14773
14775
14780
14781
14782
14783
14791
14792
14794
14796
14803
14804
14805
14806
14807
14808
14809
14810
14811
14812
14813
14814
14815
14816
14817
14818
14819
14820
14821
14835
14836
14837
14838
14839
14840
14857
14863
14864
14866
14867
14869
14870
14871
14872
14873
14874
14875
14876
14877
14878
14879
14880
14881
14882
14883
14886
14887
14900
14901
14903
14905
14906
14907
14909
14910
14911
14912
14913
14939
14940
14941
14942
14943
14944
14945
14946
14947
14948
14949
14956
14957
14958
14959
14964
14965
14966
14968
14977
14978
14980
14981
14982
14983
14984
14985
14987
14988
14989
14990
14991
14994
14995
14996
14997
15015
15016
15052
15054
15055
15059
15071
15072
15073
15075
15076
15077
15078
15081
15082
15083
15084
15085
15086
15087
15088
15091
15092
15103
15104
15105
15106
15107
15108
15109
15110
15111
15112
15113
15114
15115
15116
15118
15120
15121
15122
15123
15124
15125
15127
15128
15132
15133
15134
15135
15136
15137
15138
15144
15147
15148
15149
15150
15151
15152
15153
15154
15155
15156
15159
15160
15161
15162
15163
15169
15170
15178
15179
15186
15189
15190
15193
15195
15200
15201
15202
15203
15204
15205
15206
15207
15209
15210
15211
15212
15213
15217
15218
15220
15221
15222
15223
15227
15231
15232
15233
15254
15255
15261
15262
15271
15284
15285
15288
15295
15296
15303
15304
15308
15309
15315
15318
15319
15326
15327
15336
15347
15348
15349
15350
15351
15352
15353
15354
15355
15358
15359
15360
15397
15398
15415
15425
15429
15430
15431
15432
15440
15445
15451
15452
15453
15463
15464
15465
15475
15487
15488
15489
15500
15501
15510
15523
15524
15533
15538
15539
15540
15544
15545
15546
15553
15554
15555
15556
15557
15560
15561
15564
15568
15569
15579
15580
15589
15591
15595
15596
15597
15598
15605
15606
15608
15612
15616
15622
15624
15625
15631
15638
15648
15655
15656
15662
15670
15687
15689
15693
15694
15698
15699
15708
15709
15711
15715
15724
15730
15731
15735
15741
15745
15746
15747
15748
15753
15754
15755
15756
15758
15760
15761
15762
15774
15776
15777
15779
15780
15783
15792
15793
15800
15803
15804
15805
15809
15810
15813
15819
15841
15842
15845
15846
15847
15848
15849
15850
15854
15869
15872
15886
15887
15896
15897
15910
15911
15919
15920
15921
15922
15923
15924
15925
15927
15928
15929
15932
15937
15938
15939
15943
15949
15951
15952
15954
15955
15962
15974
15975
15976
15977
15978
15979
15981
15991
15994
15995
15996
15998
15999
16001
16002
16003
16004
16005
16012
16014
16015
16016
16018
16019
16020
16021
16022
16024
16027
16028
16029
16037
16038
16040
16041
16042
16043
16044
16045
16050
16053
16060
16063
16064
16078
16081
16082
16085
16095
16096
16097
16100
16101
16103
16104
16105
16106
16112
16120
16121
16122
16123
16124
16125
16128
16129
16134
16135
16140
16141
16142
16143
16144
16145
16147
16157
16158
16160
16161
16165
16171
16172
16173
16174
16175
16198
16199
16200
16201
16202
16203
16205
16207
16208
16210
16211
16215
16219
16222
16223
16224
16250
16253
16260
16261
16262
16263
16264
16265
16266
16267
16268
16269
16270
16274
16275
16276
16277
16282
16284
16285
16286
16287
16288
16290
16307
16311
16312
16313
16314
16315
16316
16318
16322
16323
16324
16325
16326
16327
16331
16342
16353
16354
16365
16380
16386
16389
16400
16406
16409
16413
16414
16417
16418
16420
16423
16426
16427
16429
16438
16442
16451
16457
16468
16472
16473
16479
16480
16482
16483
16488
16492
16494
16495
16496
16499
16500
16502
16503
16507
16508
16509
16514
16517
16518
16519
16521
16522
16523
16525
16526
16527
16528
16529
16530
16533
16534
16542
16543
16547
16548
16554
16555
16557
16560
16561
16567
16569
16575
16576
16577
16578
16584
16586
16587
16588
16589
16590
16591
16592
16593
16594
16595
16596
16597
16598
16599
16600
16605
16606
16608
16609
16610
16611
16612
16613
16614
16615
16616
16617
16618
16619
16620
16621
16622
16623
16624
16625
16626
16628
16629
16630
16631
16642
16646
16649
16650
16651
16652
16653
16654
16655
16656
16665
16666
16669
16671
16672
16673
16674
16675
16676
16677
16678
16679
16680
16681
16682
16683
16684
16685
16686
16687
16689
16690
16692
16694
16697
16698
16701
16702
16703
16704
16705
16717
16718
16735
16737
16743
16751
16752
16756
16757
16758
16761
16764
16770
16771
16772
16773
16774
16775
16777
16784
16786
16787
16797
16798
16799
16804
16818
16820
16825
16829
16845
16846
16847
16848
16849
16850
16851
16852
16853
16854
16855
16856
16861
16862
16863
16864
16872
16873
16881
16882
16888
16891
16904
16910
16911
16913
16914
16916
16917
16918
16919
16920
16930
16931
16935
16936
16937
16938
16942
16943
16944
16947
16948
16949
16960
16962
16963
16965
16966
16967
16968
16969
16970
16971
16978
16980
16995
16996
17000
17001
17003
17016
17017
17018
17019
17020
17021
17022
17023
17024
17025
17026
17027
17029
17030
17035
17036
17037
17067
17068
17069
17070
17071
17085
17103
17104
17105
17106
17107
17108
17110
17112
17117
17118
17126
17127
17131
17132
17133
17152
17153
17154
17156
17157
17158
17159
17160
17161
17164
17165
17171
17172
17173
17174
17175
17176
17177
17178
17179
17180
17181
17186
17187
17190
17192
17194
17198
17199
17200
17205
17208
17213
17219
17220
17222
17223
17224
17226
17230
17231
17236
17239
17249
17250
17251
17252
17256
17257
17258
17267
17270
17273
17275
17276
17281
17283
17284
17285
17286
17289
17290
17291
17292
17295
17296
17297
17298
17299
17302
17305
17318
17325
17326
17327
17328
17330
17331
17332
17334
17336
17338
17347
17356
17361
17364
17368
17370
17374
17378
17379
17383
17384
17385
17392
17393
17394
17398
17399
17400
17402
17404
17405
17406
17410
17411
17413
17414
17419
17420
17421
17422
17423
17424
17425
17426
17427
17428
17429
17442
17453
17454
17458
17463
17464
17466
17467
17472
17480
17481
17485
17486
17511
17524
17525
17526
17527
17528
17530
17531
17532
17533
17534
17535
17536
17537
17545
17550
17551
17552
17553
17554
17555
17556
17558
17559
17560
17561
17562
17563
17565
17572
17573
17574
17575
17578
17579
17580
17585
17586
17587
17588
17589
17590
17595
17600
17604
17605
17606
17607
17608
17609
17610
17612
17629
17631
17632
17633
17634
17635
17636
17637
17638
17639
17640
17641
17643
17644
17648
17649
17650
17651
17652
17654
17657
17658
17659
17660
17661
17662
17663
17664
17665
17666
17667
17671
17672
17676
17677
17678
17679
17680
17681
17682
17683
17685
17689
17691
17693
17694
17695
17696
17698
17705
17709
17710
17711
17720
17721
17722
17737
17740
17741
17746
17747
17750
17751
17754
17763
17765
17766
17767
17768
17769
17770
17771
17772
17775
17776
17777
17778
17779
17785
17786
17787
17794
17795
17801
17802
17803
17806
17808
17809
17810
17811
17812
17813
17816
17825
17826
17827
17833
17834
17835
17842
17843
17848
17851
17852
17853
17854
17855
17856
17857
17858
17859
17860
17862
17863
17864
17865
17867
17869
17870
17871
17872
17873
17874
17875
17876
17877
17878
17879
17880
17881
17882
17883
17884
17885
17886
17887
17888
17889
17890
17891
17892
17897
17898
17899
17900
17901
17904
17907
17911
17920
17921
17922
17925
17926
17928
17931
17936
17937
17938
17939
17940
17941
17942
17943
17944
17945
17946
17947
17948
17949
17951
17952
17953
17958
17959
17960
17961
17962
17963
17964
17965
17966
17980
17981
17984
17987
17991
17993
17994
17995
17996
17998
18004
18010
18011
18014
18016
18020
18026
18039
18043
18056
18058
18059
18060
18068
18069
18070
18072
18073
18086
18093
18094
18095
18099
18108
18109
18110
18111
18123
18124
18134
18135
18137
18138
18139
18140
18147
18148
18149
18151
18152
18155
18156
18157
18159
18160
18161
18162
18171
18172
18175
18185
18187
18199
18200
18201
18202
18206
18207
18208
18210
18211
18214
18225
18227
18230
18231
18232
18237
18242
18246
18249
18257
18259
18260
18262
18271
18276
18280
18285
18290
18291
18299
18300
18301
18306
18307
18308
18310
18319
18322
18325
18326
18327
18328
18329
18330
18331
18347
18348
18356
18360
18366
18371
18375
18376
18377
18382
18393
18396
18405
18406
18407
18408
18409
18410
18411
18412
18413
18414
18415
18416
18417
18418
18419
18420
18421
18422
18423
18424
18425
18426
18427
18428
18429
18430
18431
18432
18433
18434
18435
18437
18439
18441
18447
18448
18449
18450
18455
18456
18460
18461
18462
18463
18464
18465
18466
18469
18470
18471
18472
18473
18475
18480
18486
18491
18494
18495
18496
18501
18502
18503
18504
18508
18509
18511
18512
18513
18517
18520
18524
18525
18528
18529
18531
18532
18535
18536
18537
18538
18539
18540
18542
18543
18544
18545
18546
18547
18548
18549
18550
18551
18552
18553
18554
18555
18556
18557
18558
18559
18560
18561
18562
18563
18564
18565
18578
18581
18582
18583
18584
18585
18597
18598
18606
18607
18608
18610
18611
18616
18621
18622
18623
18627
18628
18629
18633
18634
18635
18636
18638
18639
18641
18643
18644
18645
18646
18648
18649
18650
18656
18657
18665
18689
18690
18691
18692
18693
18694
18695
18697
18699
18700
18701
18705
18706
18707
18708
18709
18711
18727
18729
18730
18732
18733
18734
18735
18736
18749
18750
18751
18754
18772
18773
18774
18775
18776
18777
18778
18784
18788
18791
18792
18793
18794
18795
18796
18798
18803
18804
18806
18807
18809
18813
18815
18816
18822
18823
18824
18834
18836
18837
18838
18839
18840
18845
18846
18847
18885
18886
18890
18892
18893
18894
18895
18896
18897
18898
18903
18904
18905
18908
18909
18910
18911
18912
18913
18914
18915
18920
18921
18929
18930
18937
18943
18947
18949
18950
18954
18956
18958
18959
18965
18966
18971
18973
18977
18983
18992
18993
18994
18996
18997
18998
18999
19000
19001
19006
19007
19010
19011
19013
19015
19016
19017
19018
19019
19020
19023
19027
19028
19029
19032
19033
19048
19049
19050
19064
19065
19066
19067
19068
19069
19070
19071
19072
19073
19074
19081
19082
19089
19090
19091
19093
19097
19098
19099
19100
19101
19102
19103
19104
19105
19106
19107
19109
19110
19112
19114
19115
19116
19117
19118
19119
19120
19136
19137
19138
19142
19143
19144
19145
19150
19151
19156
19157
19158
19159
19160
19161
19162
19164
19168
19171
19172
19173
19174
19175
19176
19177
19178
19179
19187
19193
19202
19208
19218
19230
19231
19233
19234
19235
19238
19239
19240
19241
19242
19243
19244
19250
19251
19253
19258
19259
19266
19271
19273
19275
19283
19284
19285
19286
19287
19289
19294
19301
19305
19306
19307
19310
19311
19312
19313
19314
19315
19316
19317
19318
19319
19320
19321
19322
19324
19327
19329
19330
19331
19335
19336
19337
19338
19341
19342
19343
19344
19345
19349
19350
19351
19352
19353
19354
19355
19357
19358
19359
19363
19364
19365
19366
19367
19368
19369
19376
19377
19379
19380
19381
19382
19383
19394
19395
19397
19398
19399
19400
19403
19404
19405
19406
19407
19408
19409
19412
19422
19425
19428
19430
19431
19432
19433
19441
19442
19443
19445
19452
19453
19454
19470
19471
19472
19474
19475
19491
19495
19497
19498
19499
19500
19501
19502
19503
19505
19506
19507
19508
19509
19520
19521
19523
19525
19526
19527
19528
19560
19562
19563
19568
19572
19573
19574
19576
19577
19578
19579
19598
19600
19603
19609
19614
19615
19616
19617
19618
19619
19627
19628
19629
19630
19639
19648
19649
19650
19651
19656
19657
19658
19659
19670
19671
19672
19673
19674
19675
19676
19677
19678
19679
19685
19686
19687
19688
19689
19690
19691
19692
19693
19694
19695
19696
19697
19702
19703
19710
19712
19723
19724
19725
19726
19727
19728
19729
19731
19733
19734
19735
19741
19742
19743
19744
19745
19749
19753
19755
19756
19757
19758
19759
19760
19763
19776
19779
19786
19787
19790
19794
19795
19799
19800
19802
19804
19828
19829
19830
19836
19840
19841
19842
19843
19844
19845
19846
19852
19858
19861
19866
19867
19868
19870
19874
19877
19878
19879
19880
19881
19882
19883
19884
19885
19887
19892
19897
19898
19899
19900
19901
19902
19903
19904
19912
19914
19915
19916
19925
19927
19932
19934
19935
19936
19938
19939
19940
19941
19943
19944
19945
19950
19961
19963
19968
19970
19971
19973
19977
19986
19990
19993
19994
19995
20001
20002
20010
20011
20012
20014
20024
20025
20030
20035
20037
20040
20041
20044
20046
20047
20048
20049
20050
20051
20052
20056
20057
20058
20061
20062
20071
20079
20083
20084
20087
20091
20094
20095
20101
20102
20103
20104
20106
20108
20109
20110
20112
20113
20118
20119
20120
20124
20126
20127
20130
20131
20135
20138
20139
20140
20144
20145
20150
20151
20152
20153
20155
20163
20165
20166
20170
20172
20174
20175
20176
20177
20178
20179
20180
20181
20182
20183
20184
20185
20186
20187
20188
20221
20222
20223
20224
20225
20226
20227
20228
20229
20230
20231
20232
20233
20234
20235
20236
20237
20258
20259
20260
20261
20262
20263
20264
20265
20266
20267
20284
20285
20286
20287
20288
20289
20290
20291
20292
20293
20294
20295
20296
20297
20309
20310
20311
20312
20313
20314
20315
20316
20317
20318
20319
20351
20352
20353
20354
20355
20356
20357
20358
20359
20360
20384
20385
20386
20387
20388
20389
20390
20391
20392
20393
20394
20395
20396
20397
20413
20414
20415
20416
20417
20418
20419
20420
20421
20422
20423
20424
20425
20426
20427
20428
20429
20430
20431
20432
20433
20457
20458
20459
20460
20461
20462
20463
20464
20465
20466
20467
20468
20469
20470
20471
20472
20473
20489
20490
20491
20492
20493
20494
20495
20496
20497
20498
20499
20500
20501
20502
20503
20504
20533
20534
20535
20536
20537
20538
20539
20540
20541
20542
20543
20544
20559
20560
20561
20562
20563
20564
20565
20566
20567
20568
20569
20570
20571
20572
20573
20574
20575
20592
20593
20594
20595
20596
20597
20598
20599
20600
20601
20602
20603
20604
20605
20606
20629
20630
20631
20632
20633
20634
20635
20636
20637
20638
20652
20653
20654
20655
20656
20657
20658
20659
20660
20661
20662
20663
20664
20677
20678
20679
20680
20681
20682
20683
20684
20685
20686
20687
20688
20689
20690
20709
20710
20711
20712
20713
20714
20715
20716
20717
20718
20719
20720
20721
20722
20723
20724
20735
20736
20737
20738
20739
20740
20741
20742
20743
20744
20745
20746
20747
20748
20749
20750
20751
20752
20753
20777
20778
20779
20780
20781
20782
20783
20784
20785
20786
20802
20803
20804
20805
20806
20807
20808
20809
20810
20811
20812
20813
20832
20833
20834
20835
20836
20837
20838
20839
20840
20841
20842
20863
20865
20866
20868
20870
20871
20872
20875
20879
20885
20887
20890
20891
20892
20893
20894
20895
20896
20897
20898
20899
20921
20922
20923
20924
20925
20926
20927
20928
20929
20930
20937
20938
20939
20940
20941
20942
20943
20944
20945
20946
20947
20948
20956
20957
20958
20959
20960
20961
20962
20963
20964
20965
20966
20967
20968
20969
20984
20985
20986
20987
20988
20989
20990
21001
21002
21003
21004
21005
21006
21007
21024
21025
21026
21027
21028
21029
21030
21044
21045
21046
21047
21048
21049
21050
21060
21061
21062
21070
21071
21072
21073
21074
21075
21076
21077
21091
21092
21093
21094
21095
21096
21107
21108
21109
21110
21111
21112
21113
21114
21115
21116
21117
21125
21126
21127
21128
21129
21130
21131
21132
21133
21134
21135
21144
21145
21146
21147
21148
21149
21150
21151
21170
21171
21172
21173
21174
21175
21176
21177
21178
21179
21180
21196
21197
21198
21199
21200
21201
21202
21203
21204
21205
21206
21213
21214
21215
21216
21217
21218
21219
21220
21221
21222
21223
21233
21234
21235
21236
21244
21245
21246
21247
21248
21249
21250
21251
21263
21264
21265
21266
21267
21268
21269
21275
21276
21277
21278
21279
21280
21281
21282
21283
21284
21291
21293
21294
21296
21299
21300
21301
21304
21307
21308
21309
21310
